Ростелеком пулт
POWER:
Decoded NEC: BF48B7 (32 bits)
Raw (68): {9118, 4508618, 518618, 518618, 518618, 518618, 520616, 520618, 518618, 516618, 1662616, 516618, 1658616, 1658616, 1658616, 1660616, 1660616, 1666612, 514618, 1664616, 518616, 516618, 1662616, 520618, 518618, 514618, 1662616, 516618, 1662614, 1666614, 514618, 1660614, 1660616, 1666612};
-------
Menu:
Decoded NEC: BFE01F (32 bits)
Raw (72): {9112, 4526606, 532604, 534604, 532606, 532606, 532606, 532606, 532606, 526606, 1672608, 528604, 1672608, 1666608, 1670606, 1672606, 1672604, 1670606, 1670608, 1670608, 1672606, 530606, 532604, 532606, 534604, 532606, 530608, 530604, 530606, 1670604, 1674602, 1674602, 1672604, 1674608, 414809114, 2242606};
-------
Back:
Decoded NEC: BF40BF (32 bits)
Raw (74): {9116, 4518634, 500636, 500636, 500636, 500636, 500636, 500636, 500636, 124130, 122730, 1666612, 524634, 1642634, 1640634, 1640636, 1642632, 1668608, 1644636, 496636, 1670610, 500636, 500638, 500638, 500636, 500638, 494636, 1672608, 496636, 1666610, 1638636, 1640636, 1642634, 1640610, 1666638, 414369116, 2234636};

Change: (upper right)
Decoded NEC: BF1AE5 (32 bits)
Raw (72): {9112, 4512616, 520616, 520614, 522616, 520616, 520616, 520616, 520616, 516616, 1664616, 516616, 1666610, 1660614, 1660616, 1660614, 1660616, 1662612, 522616, 522616, 516616, 1662610, 1668612, 516616, 1662616, 516616, 1662616, 1658616, 1664612, 520616, 520616, 1660616, 518616, 1666610, 414509110, 2236614};
-------


UP:
Decoded NEC: BFD02F (32 bits)
Raw (72): {9114, 4522608, 528610, 526608, 528610, 526610, 528606, 530608, 530610, 524606, 1674608, 524608, 1670632, 1666580, 1670608, 1668608, 1670604, 1670614, 1660608, 1670606, 526608, 1674606, 530608, 530608, 530608, 528608, 528608, 526608, 1698580, 528606, 1672606, 1668608, 1668610, 1672608, 414989088, 2264582};
DOWN:
Decoded NEC: BFF00F (32 bits)
Raw (72): {9114, 4526606, 530606, 530606, 532608, 530608, 530608, 530608, 530606, 528608, 1672608, 526610, 1670606, 1668610, 1668608, 1666610, 1670606, 1668608, 1666612, 1664608, 1668606, 1674604, 532606, 532608, 528608, 530606, 532606, 532606, 530606, 526606, 1670606, 1670608, 1668608, 1670608, 414709112, 2240606};
RIGHT:
Decoded NEC: BF52AD (32 bits)
Raw (72): {9112, 4520608, 530608, 530608, 528610, 528608, 528606, 532610, 526608, 526610, 1674606, 524610, 1670608, 1666638, 1642608, 1668608, 1668608, 1672608, 524636, 1646606, 526608, 1672612, 524608, 526610, 1672610, 524606, 1676604, 526608, 1672610, 526608, 1670610, 1668634, 500608, 1670608, 414709114, 2264580};
LEFT:
Decoded NEC: BF926D (32 bits)
Raw (72): {9090, 4520610, 528610, 528610, 528612, 526610, 528628, 510608, 528610, 524608, 1670610, 524610, 1692584, 1664638, 1640608, 1668632, 1640636, 1640612, 1696582, 528636, 498608, 1698584, 528610, 524636, 1646634, 500610, 522610, 1668612, 1666610, 522610, 1668608, 1670610, 522610, 1672632, 414469114, 2240634};

OK:
Decoded NEC: BFB04F (32 bits)
Raw (72): {9110, 4520610, 528604, 532606, 530608, 528616, 522608, 530604, 532608, 526608, 1674606, 524606, 1668608, 1668608, 1694582, 1672604, 1670608, 1668604, 1676604, 526606, 1670606, 1674606, 530606, 530604, 532606, 530606, 528606, 1672608, 530604, 528604, 1672606, 1668606, 1668608, 1672606, 414669108, 2240606};
-------
---------
Next:
Decoded NEC: BF708F (32 bits)
Raw (68): {9138, 4494634, 500636, 500636, 500636, 500636, 500636, 500636, 500636, 496636, 1644636, 46pokFKiNH52ZK1W64wsWVH1Z2t2gueuTcj2xWWp3QCtAWGhC4m6WsQ7Sou6AtzEzrfTkoPy2ibAyA9vWsdsnRscRcX7bVy, 500638, 500636, 500638, 496636, 1642640, 500636, 500638, 496636, 1640634, 1642634, 1642634, 1642636};
Prev:
Decoded NEC: BF5AA5 (32 bits)
Raw (72): {9116, 4518634, 500636, 500612, 526636, 500636, 500636, 500636, 500634, 500618, 1660638, 496638, 1638638, 1638624, 1654636, 1638636, 1640638, 1640640, 496636, 1644636, 496618, 1658638, 1642636, 496638, 1646634, 496636, 1644636, 496614, 1666636, 498620, 514612, 1668636, 498634, 1644636, 414429116, 2236634};
Play/Pause:
Decoded NEC: BF20DF (32 bits)
Raw (72): {9116, 4544608, 500636, 500636, 500620, 516636, 500636, 500614, 524616, 518612, 1668634, 46pokFKiNH52ZK1W64wsWVH1Z2t2gueuTcj2xWWp3QCtAWGhC4m6WsQ7Sou6AtzEzrfTkoPy2ibAyA9vWsdsnRscRcX7bVy500636, 502636, 500636, 498636, 1642636, 1640640, 496636, 1642634, 1638640, 1640634, 1640638, 1642636, 414409116, 2234636};
-----------
Center down (2 boxes):
Decoded NEC: BF06F9 (32 bits)
Raw (68): {9110, 4522604, 528608, 528608, 528606, 532604, 532608, 530606, 530606, 526608, 1674604, 528604, 1670608, 1668606, 1668606, 1670606, 1668608, 1672608, 526608, 530608, 528608, 528610, 522610, 1670606, 1672608, 522608, 1666610, 1666608, 1666612, 1664610, 1668610, 524612, 522610, 1666612};
-------
---------
CH UP:
Decoded NEC: BF18E7 (32 bits)
Raw (72): {9110, 4516612, 522614, 522616, 520618, 518616, 522616, 520614, 522616, 516616, 1662612, 520614, 1660612, 1662616, 1658614, 1658616, 1662612, 1662614, 522614, 522616, 516616, 1658614, 1668612, 520616, 520616, 518612, 1664614, 1658616, 1664614, 520616, 518614, 1662612, 1666612, 1662614, 414769084, 2240606};
CH Down:
Decoded NEC: BF38C7 (32 bits)
Raw (72): {9108, 4520606, 530606, 532606, 530608, 528608, 528608, 528608, 528608, 524608, 1672608, 526608, 1666608, 1668604, 1666610, 1666608, 1666608, 1668610, 524606, 528606, 1668606, 1666610, 1670606, 528606, 530608, 526604, 1672606, 1672606, 528608, 528608, 524606, 1670604, 1672606, 1670608, 414449106, 2240604};
----------
