POWER:
Decoded SONY: 540A (15 bits)
Raw (128): {2382, 5781210, 578616, 6021186, 578614, 5781212, 578616, 578614, 576616, 578614, 602592, 578614, 5781210, 580614, 5781208, 580614, 215402380, 5781212, 578614, 5781210, 578616, 5781210, 578614, 576616, 578614, 576616, 576616, 578614, 5781210, 578614, 5781210, 580614, 215422378, 5801210, 578614, 5801206, 580614, 5801208, 578614, 578616, 578614, 578614, 578612, 578616, 5781210, 580614, 5781212, 578614, 215402380, 5781212, 578616, 5781210, 578614, 5761212, 580614, 580614, 578614, 578616, 578614, 576616, 5781210, 578616, 5761212, 578616};
-------

Function:
Decoded SONY: 4B0B (15 bits)
Raw (128): {2406, 5781210, 578616, 578614, 5781210, 578614, 5781212, 5761212, 578614, 578616, 578614, 578616, 5781212, 578616, 5781212, 5781212, 203482380, 5781212, 578616, 578614, 5781212, 578614, 5781210, 5781212, 578614, 580614, 578614, 578614, 5781210, 578616, 5761210, 5781212, 203222404, 5781212, 578614, 578614, 5781210, 578616, 5781210, 5781212, 578614, 578616, 576614, 578614, 5781210, 578614, 5781212, 5781212, 203242406, 5781212, 578614, 578614, 5781212, 578616, 5761212, 5781210, 578614, 580614, 578614, 578614, 5781212, 578614, 5781210, 5801210};
(TV , DVD , RADIO, USB)

VOL UP:
Decoded SONY: 240A (15 bits)
Raw (128): {2404, 578616, 5761212, 578616, 578614, 5761214, 578614, 578614, 578614, 578616, 578616, 578614, 5781212, 578614, 5781212, 578616, 221222404, 578616, 5781212, 576616, 576616, 5781212, 576616, 580612, 576616, 578614, 578616, 574618, 5781212, 578616, 5761212, 578614, 221302380, 578616, 5761212, 576616, 578616, 5781210, 578616, 578614, 578614, 578614, 580612, 578614, 5781212, 578614, 5781212, 576616, 221142406, 576616, 5781212, 578616, 578614, 5781212, 578616, 578614, 578616, 578614, 578614, 578616, 5781210, 580614, 5781212, 576616};
-------
VOL DOWN:
Decoded SONY: 640A (15 bits)
Raw (96): {2404, 5781210, 5781212, 578614, 578614, 6001188, 578614, 578614, 576616, 578616, 576616, 578614, 5801210, 578614, 5781212, 578614, 215422380, 5781212, 5781210, 580614, 576616, 5781212, 578614, 578614, 578614, 578616, 576614, 576618, 5801210, 578614, 5801210, 578614, 215422382, 5781210, 5781212, 578616, 578614, 5781210, 578614, 578614, 576616, 578614, 576616, 578616, 5781210, 580614, 5801210, 578614};
-------

MUTE:
Decoded SONY: 140A (15 bits)
Raw (128): {2380, 578614, 604590, 5781210, 580614, 5781210, 580614, 580614, 576616, 578614, 578614, 578612, 5781210, 580614, 5781210, 578614, 221062404, 580614, 578614, 5781210, 580614, 6021186, 580614, 580612, 578616, 578616, 578614, 578614, 6021184, 580614, 5781210, 580614, 221462380, 580614, 578614, 5781210, 580614, 5781210, 578616, 602590, 578614, 578616, 578614, 578614, 5781210, 580614, 5781212, 578614, 221062404, 580614, 578614, 5781210, 580614, 5801208, 580614, 576616, 578616, 580614, 578614, 578614, 5781210, 580614, 6021186, 580616};
-------

RADIO NEXT:
Decoded SONY: 8C108 (20 bits)
Raw (168): {2404, 5781212, 578616, 578614, 578614, 5781212, 5781212, 578616, 580612, 578616, 576616, 576616, 5781212, 578616, 578614, 578614, 578616, 5781212, 578616, 578614, 578616, 155602406, 5781210, 578614, 578614, 576616, 5801210, 5781212, 578614, 578616, 578614, 578616, 578614, 5781212, 578614, 576616, 578614, 578616, 5781212, 578614, 578614, 578614, 155682380, 5781212, 580614, 580614, 578614, 5761214, 5781212, 578614, 576616, 578614, 578614, 580614, 5761212, 578614, 578614, 580614, 578614, 5781212, 576614, 578616, 576616, 155842380, 5781210, 578616, 576614, 578616, 5781212, 5781212, 578614, 578616, 578614, 578616, 578614, 5781212, 578616, 576616, 576616, 576616, 5801210, 578614, 578616, 578614};
-------
RADIO PREV:
Decoded SONY: C108 (20 bits)
Raw (168): {2404, 578616, 578614, 578616, 578614, 5781212, 5781212, 578614, 578616, 578614, 578614, 578616, 5781210, 578616, 578614, 576616, 578616, 5781210, 578614, 576616, 578614, 161722380, 578614, 578616, 578614, 578614, 
5781212, 5801210, 578614, 578616, 578614, 576618, 576616, 5761212, 578614, 580614, 578614, 578614, 5781212, 578614, 578614, 578616, 161482406, 578614, 578614, 578614, 580614, 5781210, 5781210, 578614, 578614, 578614, 578614, 
580614, 5781212, 580612, 578616, 578614, 578616, 5761212, 578614, 578614, 578616, 161402406, 578614, 578614, 578614, 578614, 5781212, 5781212, 578616, 578614, 578614, 578614, 578616, 5781212, 578616, 578616, 576616, 578614, 5781210, 578614, 578614, 578616};
-------

Decoded SONY: 690B (15 bits)
Raw (128): {2404, 5781212, 5781210, 578614, 5801210, 578616, 578614, 5761212, 578614, 576614, 578616, 576616, 5761212, 576618, 5741214, 5761214, 203262406, 5761214, 5781210, 578614, 5781212, 578614, 576616, 5781212, 578614, 578616, 578614, 578614, 5781212, 578614, 5801210, 5761214, 203262404, 5781212, 5781212, 578614, 5781210, 578614, 578616, 5781210, 580614, 580612, 578616, 578614, 5781210, 578614, 5781212, 5781212, 203362404, 5781212, 5781210, 
578614, 5781210, 578614, 578614, 5781210, 580614, 578614, 578614, 576616, 5781212, 578614, 5781210, 5801210};
SOUND MODE (STANDARD, HiFi, Movie, BTG)
-------
Dynamic Bass:
Decoded SONY: 590B (15 bits)
Raw (128): {2380, 5801208, 582612, 5821208, 5801210, 580612, 578614, 5781210, 580612, 578614, 580612, 604590, 5801208, 580612, 5781210, 5801208, 203522380, 5801208, 580614, 5781208, 5821208, 580614, 578614, 5781186, 604614, 602590, 604588, 580614, 5801210, 580614, 5801208, 5801210, 203282402, 5801208, 582612, 5781210, 5801210, 580612, 580612, 5821208, 580614, 580612, 580612, 582612, 5801208, 580612, 6041186, 5801208, 203602378, 5821208, 582614, 5801208, 5801208, 580614, 578614, 5801208, 580612, 580612, 576616, 580614, 5781210, 580614, 5781208, 5821208};
-------
Night:
Decoded SONY: 20B (15 bits)
Raw (128): {2370, 590614, 580612, 604590, 602590, 578614, 6041184, 580614, 578614, 578602, 592612, 580614, 5781210, 580614, 5801184, 6061208, 221522380, 580612, 580612, 604588, 578614, 580612, 5801210, 580614, 578614, 580612, 580612, 580614, 5781210, 580614, 5801208, 5801208, 221122402, 582612, 578614, 580614, 578614, 604588, 5821206, 580614, 578614, 578614, 580612, 582612, 5761212, 580614, 5801210, 5801208, 221422380, 580614, 580612, 582612, 580612, 582612, 5821208, 580614, 580612, 580612, 578616, 578614, 5781210, 580612, 5801210, 5801210};
-------









Numbers

0 1 2 3 4 5 6 7 8 9
Decoded SONY: 90108 (20 bits)
Raw (126): {2406, 5761212, 576616, 576616, 5781212, 576616, 576616, 578614, 576616, 576616, 576616, 576616, 5761212, 578616, 578616, 576616, 576616, 5761212, 578616, 578616, 576616, 161482406, 5781212, 578616, 578614, 5761214, 576616, 576616, 578616, 578616, 576616, 578614, 578616, 5781210, 576616, 576616, 578616, 574616, 5781212, 578614, 576616, 578614, 161502404, 5781212, 576616, 578614, 5781212, 576616, 576616, 576616, 576616, 578616, 578614, 
578616, 5781212, 578614, 576616, 578616, 578614, 5761214, 576616, 576616, 578616};
-------
Decoded SONY: 108 (20 bits)
Raw (126): {2404, 576616, 576616, 578616, 576616, 576616, 576614, 578616, 576616, 578614, 576616, 576616, 5761212, 578614, 580614, 576616, 578614, 5781212, 578616, 578614, 578616, 173442404, 578616, 578614, 578616, 578614, 578614, 576618, 576616, 578616, 578616, 576616, 576616, 5781212, 576616, 578614, 578616, 578616, 5761212, 576616, 576620, 572620, 173382410, 574618, 574622, 572620, 572620, 572620, 572620, 572620, 572620, 572620, 572620, 572620, 5721218, 572620, 572620, 572622, 572620, 5721216, 572620, 572622, 572620};
-------
Decoded SONY: 80108 (20 bits)
Raw (126): {2408, 5761212, 578614, 578616, 578616, 578614, 576616, 576616, 578616, 576616, 576616, 576616, 5761212, 576616, 576616, 576616, 576616, 5761212, 576616, 578616, 576616, 167382404, 5781212, 578616, 576616, 576616, 
576616, 576616, 576616, 576620, 572616, 576616, 576616, 5781212, 576616, 576616, 576616, 576618, 5761212, 578616, 576616, 576616, 167542406, 5781214, 576616, 576616, 576616, 576616, 576618, 574616, 576616, 576616, 576616, 576616, 5761212, 578616, 578614, 576616, 576616, 5761214, 576616, 576616, 576616};
-------
Decoded SONY: 40108 (20 bits)
Raw (168): {2410, 572616, 5761212, 578616, 578616, 578614, 576620, 574616, 578616, 576616, 576616, 576616, 5761212, 578616, 576616, 576616, 576616, 5761214, 574616, 576616, 576616, 167362406, 576616, 5761212, 576620, 574618, 
574618, 574618, 576616, 578614, 578616, 576616, 578616, 5761212, 578616, 576616, 576616, 576616, 5761212, 576616, 576616, 576616, 167562402, 578616, 5761214, 576616, 576616, 576616, 578616, 576616, 576620, 572616, 578618, 576616, 5761214, 576616, 576616, 576616, 576616, 5761212, 578616, 576616, 576616, 167702380, 576616, 5761214, 576616, 576616, 576616, 576616, 576616, 576616, 576616, 578616, 576616, 5781212, 578616, 578616, 576616, 576618, 5761214, 576618, 576616, 576618};
-------
Decoded SONY: C0108 (20 bits)
Raw (168): {2402, 5781212, 5761212, 576616, 576616, 576616, 576616, 576620, 574616, 576616, 578616, 576616, 5781212, 576616, 576616, 576616, 576616, 5761212, 576616, 576616, 576616, 161502404, 5761214, 5761214, 576616, 576616, 576616, 576618, 576616, 576616, 576616, 576616, 576616, 5761214, 576616, 576616, 576616, 576616, 5761214, 576616, 576616, 576616, 161722382, 5761212, 5761212, 576616, 578616, 576616, 576616, 576616, 578616, 576618, 576616, 
576616, 5761214, 576616, 578616, 576616, 578616, 5761212, 576616, 576616, 576616, 161402406, 5761212, 5761214, 576616, 576616, 578616, 576616, 576616, 576618, 574616, 576616, 578616, 5761214, 576616, 576618, 574616, 576616, 5761212, 576616, 576616, 576616};
-------
Decoded SONY: 20108 (20 bits)
Raw (168): {2408, 576616, 576616, 5761212, 576616, 576616, 576614, 578616, 576616, 576616, 578616, 576616, 5761214, 576616, 576616, 576616, 576616, 5781212, 576616, 576618, 576616, 167402404, 576616, 576616, 5781212, 576616, 
576616, 576616, 576616, 578616, 576616, 578616, 578614, 5761214, 576616, 576616, 576616, 578616, 5761214, 576616, 576616, 576616, 167522406, 578616, 576616, 5761212, 578616, 578614, 576616, 576616, 578616, 576616, 576616, 576616, 5761212, 578616, 576616, 578616, 576616, 5761214, 576616, 576616, 576616, 167482404, 576618, 576616, 5761214, 576616, 576616, 576616, 576616, 576616, 576618, 576616, 578616, 5781212, 576616, 576616, 576614, 576616, 5761214, 576616, 576616, 576616};
-------
Decoded SONY: A0108 (20 bits)
Raw (168): {2402, 5761214, 576616, 5761212, 576616, 576616, 578616, 576616, 576616, 576616, 576618, 576614, 5781212, 576616, 576616, 576616, 576616, 5761212, 578616, 576616, 578614, 161482406, 5781212, 578616, 5781210, 578616, 576616, 576616, 578614, 578616, 578614, 578616, 578616, 5781212, 576616, 578616, 576614, 578616, 5761214, 576614, 578616, 576616, 161502404, 5761212, 576616, 5761212, 576616, 578616, 578614, 578616, 576616, 578616, 578616, 
576616, 5761214, 578614, 576616, 578616, 578616, 5761212, 578616, 578614, 578616, 161502402, 5761214, 578616, 5761212, 576616, 576616, 576616, 578614, 578616, 576616, 578616, 578614, 5761214, 576616, 578614, 578614, 578614, 5781212, 578616, 578616, 576616};
-------
Decoded SONY: 60108 (20 bits)
Raw (126): {2380, 578614, 5761212, 5781212, 578614, 578616, 576616, 576616, 576616, 576616, 578616, 576616, 5761212, 578616, 576616, 576616, 578614, 5781212, 576616, 578616, 576616, 161522402, 576616, 5781212, 5761212, 578616, 576616, 576616, 576616, 578616, 576616, 578616, 578614, 5781210, 578616, 576616, 578614, 576616, 5761212, 576616, 578616, 576616, 161482406, 578614, 5781212, 5781212, 576616, 578614, 578616, 576616, 576616, 576616, 576616, 
578616, 5761212, 576616, 576614, 578616, 576616, 5781212, 576616, 578614, 578616};
-------
Decoded SONY: E0108 (20 bits)
Raw (168): {2402, 5781212, 5761212, 5761212, 576616, 578616, 576616, 576614, 578616, 578616, 576616, 578616, 5761212, 578616, 578614, 576616, 576616, 5781212, 578616, 576616, 576616, 155602406, 5761212, 5781214, 5761212, 578616, 576616, 578614, 576616, 578614, 576618, 576616, 578616, 5781212, 578616, 576616, 578614, 576616, 5761212, 576616, 576616, 576616, 155442406, 5781212, 5781212, 5761212, 576616, 576616, 578614, 578616, 578616, 576616, 576616, 576616, 5781212, 576616, 578616, 576616, 576616, 5761212, 578616, 576616, 578616, 155602404, 5761214, 5761214, 5761212, 576616, 578614, 578616, 576616, 578616, 578616, 576616, 576616, 5761212, 578616, 576616, 576616, 578616, 5781212, 578616, 578614, 578616};
-------
Decoded SONY: 10108 (20 bits)
Raw (168): {2404, 578616, 576616, 578614, 5781212, 576616, 576616, 578614, 578616, 576614, 578616, 578616, 5761212, 578614, 578616, 576616, 576616, 5781212, 578616, 578616, 576616, 167562404, 576616, 576616, 576616, 5761212, 
578616, 576616, 576616, 576616, 578614, 578614, 578616, 5761212, 578616, 576616, 576616, 576616, 5761212, 576616, 578616, 576616, 167362406, 578616, 578616, 576616, 5761214, 576616, 580614, 576616, 576616, 576616, 578616, 576616, 5761214, 576616, 576616, 576616, 576616, 5761212, 578616, 576616, 578616, 167562404, 576616, 578616, 576616, 5761212, 576616, 576616, 576616, 578616, 578616, 576616, 576616, 5761214, 578614, 576618, 576616, 576616, 5761212, 578616, 576616, 576616};
-------